0
X
X
0
0
0
0
0
X
0
0
X
X
0
0
0
0
0
X
X
X
X
X
0
0
X
X
X
X
X
X
X
X
0
0
X
X
X
X
X
X
X
X
0
0
0
0
0
0
0
0
0
0
0
0
0
0
0
0
0
0
0
0
0
0
1
1
1
0
0
0
0
0
0
0
1
1
1
0
0
0
0
0
0
0
1
1
1
0
0
0
0
0
0
0
0
0
0
0
0
0
0
0
0
0
0
0
0
2
0
0
3
3
0
0
0
0
0
2
0
0
3
3
0
0
0
0
0
2
2
2
2
2
0
0
4
4
4
2
2
2
2
2
0
0
4
4
4
2
2
2
2
2
0
0
0
0
0
0
0
0
0
0
0
(a)
(b)
0
0
0
0
0
0
0
0
0
0
0
1
1
1
0
0
0
0
0
0
0
1
1
1
0
0
0
0
0
0
0
1
1
1
0
0
0
0
0
0
0
0
0
0
0
0
0
0
0
0
0
0
0
0
2
0
0
3
3
0
0
0
0
0
2
0
0
3
3
0
0
0
0
0
2
2
2
X
2
0
0
4
4
4
X
2
2
2
2
0
0
4
4
4
2
2
2
2
2
0
0
0
0
0
0
0
0
0
0
0
0
0
0
0
0
0
0
0
0
0
0
1
1
1
0
0
0
0
0
0
0
1
1
1
0
0
0
0
0
0
0
1
1
1
0
0
0
0
0
0
0
0
0
0
0
0
0
0
0
0
0
0
0
0
2
0
0
2
2
0
0
0
0
0
2
0
0
2
2
0
0
0
0
0
2
2
2
2
2
0
0
2
2
2
2
2
2
2
2
0
0
2
2
2
2
2
2
2
2
0
0
0
0
0
0
0
0
0
0
0
(c)
(d)
Fig. 11.5